0 11.52 10.46 0
5 11.52 10.19 0
10 11.52 10.32 0
15 11.39 10.32 0
20 11.52 10.32 0
25 11.52 10.32 0
30 11.52 10.32 0
35 11.52 10.32 0
395 11.79 10.99 0
400 12.05 10.99 0
405 11.92 10.99 0
590 12.18 11.52 0
595 12.18 11.26 0
600 12.31 11.26 0
605 12.31 11.26 0
610 12.18 11.26 0
615 12.31 11.26 0
620 12.31 11.26 0
625 12.31 11.26 0
630 12.31 11.39 0
635 12.31 11.39 0
640 12.31 11.39 0
645 12.31 11.39 0
650 12.31 11.39 0
655 12.31 11.39 0
660 12.31 11.39 0
665 12.31 11.26 0
670 12.31 11.39 0
675 12.31 11.39 0
680 12.44 11.52 0
685 12.31 11.39 0
690 12.44 11.52 0
695 12.44 11.39 0
700 12.44 11.39 0
705 12.31 11.39 0
710 12.44 11.52 0
715 12.31 11.52 0
720 12.44 11.52 0
725 12.44 11.39 0
730 12.44 11.52 0
735 12.44 11.52 0
740 12.44 11.52 0
745 12.44 11.52 0
750 12.44 11.52 0
755 12.44 11.52 0
760 12.57 11.52 20
765 12.44 11.52 0
770 12.44 11.52 0
775 12.57 11.52 20
780 12.44 11.52 0
785 12.44 11.52 0
790 12.57 11.52 20
795 12.44 11.52 0
800 12.57 11.52 20
805 12.57 11.52 20
810 12.57 11.65 20
815 12.57 11.65 20
820 12.44 11.65 0
825 12.57 11.65 20
830 12.57 11.65 20
835 12.57 11.65 20
840 12.57 11.65 20
845 12.57 11.65 20
850 12.70 11.65 20
855 12.57 11.65 20
860 12.57 11.65 20
865 12.57 11.65 20
870 12.57 11.65 20
875 12.57 11.65 20
880 12.70 11.65 20
885 12.57 11.65 20
890 12.57 11.65 20
895 12.70 11.65 20
900 12.57 11.79 20
905 12.57 11.65 20
910 12.57 11.79 20
915 12.70 11.79 20
920 12.57 11.79 20
925 12.57 11.79 20
930 12.70 11.79 20
935 12.57 11.79 20
940 12.70 11.79 20
945 12.70 11.79 20
950 12.70 11.92 20
955 12.70 11.79 20
960 12.83 11.79 20
965 12.70 11.79 20
970 12.70 11.79 20
975 12.83 11.79 20
980 12.70 11.79 20
985 12.70 11.79 20
990 12.70 11.92 20
995 12.70 11.92 20
1000 12.83 11.92 20
1005 13.34 12.57 20
1010 13.98 12.96 20
1015 14.48 14.10 20
1020 14.86 14.36 20
1025 14.98 14.48 20
1030 15.11 14.36 20
1035 15.23 14.36 20
1040 13.98 14.48 20
1045 -273.15 14.48 0
1050 19.81 14.36 20
1055 18.51 14.36 20
1060 17.92 14.48 20
1065 17.44 14.36 20
1070 15.85 14.36 20
1075 14.98 14.48 20
1080 14.48 14.61 20
1085 14.23 14.48 20
1090 13.98 14.23 20
1095 13.85 13.85 20
1100 13.72 13.72 20
1105 13.72 13.60 20
1110 13.60 13.34 20
1115 13.72 13.34 20
1120 13.21 13.08 20
1125 13.47 13.08 20
1130 13.47 13.08 20
1135 13.34 12.96 20
1140 13.34 12.83 20
1145 13.34 12.83 20
1150 13.21 12.83 20
1155 13.34 12.83 20
1160 13.21 12.83 20
1165 13.21 12.70 20
1170 13.21 12.83 20
1175 13.21 12.70 20
1180 13.08 12.70 20
1185 13.21 12.70 20
1190 13.21 12.70 20
1195 13.21 12.70 20
1200 13.21 12.70 20
1205 13.21 12.57 20
1210 13.21 12.70 20
1215 13.21 12.70 20
1220 13.08 12.70 20
1225 13.21 12.70 20
1230 13.21 12.57 20
1235 13.08 12.70 20
1240 13.21 12.57 20
1245 13.21 12.57 20
1250 13.08 12.70 20
1255 13.21 12.70 20
1260 13.08 12.70 20
1265 13.08 12.57 20
1270 13.21 12.70 20
1275 13.08 12.70 20
1280 13.08 12.57 20
1285 13.08 12.57 20
1290 13.08 12.57 20
1295 13.21 12.57 20
1300 13.08 12.70 20
1305 13.21 12.70 20
1310 13.08 12.70 20
1315 13.08 12.57 20
1320 13.08 12.57 20
1325 13.08 12.70 20
1330 13.08 12.70 20
1335 13.08 12.70 20
1340 13.08 12.70 20
1345 13.21 12.70 20
1350 13.08 12.70 20
1355 13.08 12.70 20
1360 13.08 12.70 20
1365 13.08 12.70 20
1370 13.21 12.70 20
1375 13.08 12.70 20
1380 13.08 12.70 20
1385 13.08 12.70 20
1390 13.08 12.83 20
1395 13.08 12.70 20
1400 13.08 12.70 20
1405 13.08 12.70 20
1410 13.08 12.70 20
1415 13.08 12.70 20
1420 13.08 12.70 20
1425 13.08 12.70 20
1430 13.08 12.70 20
1435 13.21 12.70 20
1440 13.21 12.70 20
1445 13.08 12.83 20
1450 13.21 12.70 20
1455 13.08 12.70 20
1460 13.08 12.70 20
1465 13.08 12.70 20
1470 13.08 12.70 20
1475 13.21 12.70 20
1480 13.21 12.70 20
1485 13.08 12.70 20
1490 13.08 12.70 20
1495 13.21 12.83 20
1500 13.21 12.70 20
1505 13.08 12.83 20
1510 13.21 12.83 20
1515 13.21 12.83 20
1520 13.21 12.70 20
1525 13.21 12.70 20
1530 13.21 12.83 20
1535 13.21 12.83 20
1540 13.08 12.83 20
1545 13.21 12.83 20
1550 13.21 12.83 20
1555 13.08 12.83 20
1560 13.21 12.83 20
1565 13.21 12.83 20
1570 13.21 12.83 20
1575 13.21 12.83 20
1580 13.08 12.83 20
1585 13.21 12.83 20
1590 13.21 12.83 20
1595 13.08 12.83 20
1600 13.21 12.83 20
1605 13.21 12.83 20
1610 13.21 12.83 20
1615 13.21 12.83 20
1620 13.21 12.83 20
1625 13.21 12.83 20
1630 13.21 12.83 20
1635 12.96 12.83 20
1640 13.21 12.83 20
1645 13.21 12.83 20
1650 13.08 12.83 20
1655 13.21 12.96 20
1660 13.21 12.83 20
1665 13.08 12.96 20
1670 13.21 12.83 20
1675 13.21 12.83 20
1680 13.21 12.83 20
1685 13.21 12.96 20
1690 13.21 12.96 20
1695 13.21 12.83 20
1700 13.21 12.96 20
1705 13.21 12.83 20
1710 13.21 12.96 20
1715 13.21 12.96 20
1720 13.21 12.96 20
1725 13.21 12.96 20
1730 13.21 12.96 20
1735 13.21 12.96 20
1740 13.21 12.96 20
1745 13.21 12.96 20
1750 13.21 12.96 20
1755 13.21 12.96 20
1760 13.21 12.96 20
1765 13.21 12.96 20
1770 13.21 12.96 20
1775 13.21 12.96 20
1780 13.21 12.96 20
1785 13.21 12.96 20
1790 13.21 12.96 20
1795 13.21 12.96 20
1800 13.21 12.96 20
1805 13.21 12.96 20
1810 13.21 12.96 20
1815 13.21 12.96 20
1820 13.21 12.96 20
1825 13.21 12.96 20
1830 13.21 12.96 20
1835 13.21 12.96 20
1840 13.34 13.08 20
1845 13.21 12.96 20
1850 13.21 12.96 20
1855 13.21 12.96 20
1860 13.21 12.96 20
1865 13.21 12.96 20
1870 13.21 12.96 20
1875 13.21 12.96 20
1880 13.21 13.08 20
1885 13.34 12.96 20
1890 13.21 12.96 20
1895 13.21 13.08 20
1900 13.21 13.08 20
1905 13.21 13.08 20
1910 13.34 13.08 20
1915 13.21 13.08 20
1920 13.34 13.08 20
1925 13.34 13.08 20
1930 13.34 13.08 20
1935 13.21 13.08 20
1940 13.21 13.08 20
1945 13.34 13.08 20
1950 13.21 13.08 20
1955 13.21 13.08 20
1960 13.21 13.08 20
1965 13.34 13.08 20
1970 13.21 12.96 20
1975 13.21 13.08 20
1980 13.34 13.08 20
1985 13.34 13.08 20
1990 13.34 13.08 20
1995 13.34 13.08 20
2000 13.21 13.08 20
2005 13.34 13.08 20
2010 13.34 13.08 20
2015 13.34 13.08 20
2020 13.21 13.08 20
2025 13.21 13.21 20
2030 13.47 13.08 20
2035 13.34 13.21 20
2040 13.21 13.08 20
2045 13.34 13.08 20
2050 13.34 13.21 20
2055 13.34 13.21 20
2060 13.21 13.08 20
2065 13.21 13.21 20
2070 13.34 13.21 20
2075 13.34 13.08 20
2080 13.34 13.21 20
2085 13.34 13.21 20
2090 13.34 13.21 20
2095 13.34 13.21 20
2100 13.34 13.21 20
2105 13.34 13.21 20
2110 13.34 13.21 20
2115 13.34 13.21 20
2120 13.47 13.21 20
2125 13.34 13.21 20
2130 13.34 13.21 20
2135 13.34 13.21 20
2140 13.34 13.21 20
2145 13.34 13.21 20
2150 13.34 13.21 20
2155 13.34 13.21 20
2160 13.34 13.21 20
2165 13.34 13.21 20
2170 13.34 13.21 20
2175 13.34 13.21 20
2180 13.34 13.21 20
2185 13.34 13.21 20
2190 13.34 13.21 20
2195 13.34 13.21 20
2200 13.34 13.21 20
2205 13.34 13.34 20
2210 13.34 13.21 20
2215 13.34 13.21 20
2220 13.34 13.47 20
2225 13.34 13.21 20
2230 13.34 13.34 20
2235 13.34 13.21 20
2240 13.34 13.21 20
2245 13.34 13.34 20
2250 13.47 13.21 20
2255 13.34 13.34 20
2260 13.34 13.34 20
2265 13.34 13.34 20
2270 13.34 13.34 20
2275 13.47 13.21 20
2280 13.47 13.34 20
2285 13.47 13.21 20
2290 13.47 13.34 20
2295 13.47 13.34 20
2300 13.34 13.34 20
2305 13.34 13.21 20
2310 13.47 13.34 20
2315 13.34 13.34 20
2320 13.47 13.34 20
2325 13.34 13.34 20
2330 13.47 13.34 20
2335 13.47 13.34 20
2340 13.47 13.34 20
2345 13.47 13.34 20
2350 13.47 13.21 20
2355 13.47 13.34 20
2360 13.47 13.34 20
2365 13.47 13.34 20
2370 13.47 13.34 20
2375 13.47 13.34 20
2380 13.47 13.34 20
2385 13.47 13.34 20
2390 13.34 13.34 20
2395 13.34 13.34 20
2400 13.47 13.34 20
2405 13.34 13.34 20
2410 13.47 13.34 20
2415 13.60 13.34 20
2420 13.47 13.34 20
2425 13.47 13.34 20
2430 13.47 13.34 20
2435 13.47 13.47 20
2440 13.47 13.34 20
2445 13.60 13.47 20
2450 13.47 13.34 20
2455 13.60 13.47 20
2460 13.34 13.34 20
2465 13.47 13.47 20
2470 13.47 13.34 20
2475 13.60 13.34 20
2480 13.47 13.47 20
2485 13.47 13.34 20
2490 13.47 13.47 20
2495 13.47 13.47 20
2500 13.47 13.47 20
2505 13.60 13.47 20
2510 13.34 13.47 20
2515 13.34 13.47 20
2520 13.60 13.47 20
2525 13.47 13.34 20
2530 13.47 13.47 20
2535 13.47 13.47 20
2540 13.60 13.34 20
2545 13.47 13.47 20
2550 13.47 13.47 20
2555 13.47 13.47 20
2560 13.60 13.47 20
2565 13.47 13.47 20
2570 13.47 13.47 20
2575 13.47 13.47 20
2580 13.47 13.47 20
2585 13.60 13.47 20
2590 13.60 13.34 20
2595 13.60 13.47 20
2600 13.60 13.47 20
2605 13.60 13.60 20
2610 13.47 13.47 20
2615 13.47 13.47 20
2620 13.47 13.60 20
2625 13.60 13.47 20
2630 13.47 13.47 20
2635 13.47 13.47 20
2640 13.47 13.47 20
2645 13.72 13.60 20
2650 13.47 13.47 20
2655 13.60 13.47 20
2660 13.60 13.47 20
2665 13.47 13.60 20
2670 13.60 13.47 20
2675 13.60 13.47 20
2680 13.47 13.47 20
2685 13.60 13.60 20
2690 13.47 13.60 20
2695 13.47 13.47 20
2700 13.60 13.60 20
2705 13.60 13.47 20
2710 13.72 13.47 20
2715 13.60 13.60 20
2720 13.60 13.60 20
2725 13.60 13.60 20
2730 13.60 13.60 20
2735 13.60 13.60 20
2740 13.60 13.60 20
2745 13.60 13.60 20
2750 13.60 13.60 20
2755 13.60 13.60 20
2760 13.60 13.60 20
2765 13.60 13.47 20
2770 13.72 13.60 20
2775 13.60 13.60 20
2780 13.98 13.60 20
2785 13.60 13.60 20
2790 13.60 13.60 20
2795 13.60 13.60 20
2800 13.60 13.60 20
2805 13.60 13.60 20
2810 13.60 13.60 20
2815 13.72 13.60 20
2820 13.60 13.60 20
2825 13.60 13.72 20
2830 13.60 13.60 20
2835 13.60 13.60 20
2840 13.60 13.60 20
2845 13.72 13.60 20
2850 13.60 13.60 20
2855 13.72 13.60 20
2860 13.60 13.60 20
2865 13.60 13.60 20
2870 13.72 13.72 20
2875 13.60 13.60 20
2880 13.60 13.72 20
2885 13.60 13.60 20
2890 13.60 13.60 20
2895 13.60 13.60 20
2900 13.60 13.60 20
2905 13.60 13.60 20
2910 13.60 13.60 20
2915 13.72 13.72 20
2920 13.60 13.72 20
2925 13.72 13.60 20
2930 13.72 13.60 20
2935 13.72 13.72 20
2940 13.72 13.72 20
2945 13.72 13.72 20
2950 13.47 13.72 20
2955 13.72 13.72 20
2960 13.72 13.72 20
2965 13.72 13.72 20
2970 13.72 13.60 20
2975 13.72 13.72 20
2980 13.72 13.72 20
2985 13.72 13.60 20
2990 13.72 13.60 20
2995 13.72 13.72 20
3000 13.72 13.72 20
3005 13.72 13.72 20
3010 13.72 13.72 20
3015 13.72 13.72 20
3020 13.72 13.72 20
3025 13.72 13.60 20
3030 13.72 13.60 20
3035 13.60 13.72 20
3040 13.98 13.72 20
3045 13.72 13.72 20
3050 13.72 13.72 20
3055 13.72 13.72 20
3060 13.72 13.72 20
3065 13.85 13.72 20
3070 13.72 13.72 20
3075 13.72 13.72 20
3080 13.72 13.47 20
3085 13.72 13.72 20
3090 13.85 13.72 20
3095 13.72 13.72 20
3100 13.72 13.72 20
3105 13.72 13.72 20
3110 13.98 13.72 20
3115 13.72 13.72 20
3120 13.72 13.72 20
3125 13.72 13.85 20
3130 13.72 13.85 20
3135 13.72 13.72 20
3140 13.72 13.72 20
3145 13.72 13.85 20
3150 13.72 13.85 20
3155 13.72 13.85 20
3160 13.72 13.85 20
3165 13.72 13.85 20
3170 13.72 13.85 20
3175 13.72 13.85 20
3180 13.85 13.85 20
3185 13.85 13.72 20
3190 13.85 13.72 20
3195 13.72 13.72 20
3200 13.72 13.85 20
3205 13.72 13.85 20
3210 13.85 13.85 20
3215 13.85 13.85 20
3220 13.72 13.85 20
3225 13.98 13.72 20
3230 13.85 13.85 20
3235 13.85 13.85 20
3240 13.72 13.72 20
3245 13.85 13.85 20
3250 13.85 13.85 20
3255 13.85 13.85 20
3260 13.85 13.85 20
3265 13.85 13.85 20
3270 13.85 13.85 20
3275 13.85 13.85 20
3280 13.72 13.85 20
3285 13.72 13.85 20
3290 13.72 13.85 20
3295 13.72 13.85 20
3300 13.85 13.85 20
3305 13.85 13.85 20
3310 13.85 13.85 20
3315 13.85 13.85 20
3320 13.85 13.85 20
3325 13.85 13.85 20
3330 13.85 13.85 20
3335 13.85 13.85 20
3340 13.85 13.85 20
3345 13.85 13.85 20
3350 13.85 13.85 20
3355 13.85 13.85 20
3360 13.85 13.85 20
3365 13.85 13.85 20
3370 13.85 13.98 20
3375 14.10 13.85 20
3380 13.85 13.85 20
3385 13.85 13.85 20
3390 13.85 13.85 20
3395 13.85 13.85 20
3400 13.85 13.85 20
3405 13.85 13.85 20
3410 13.85 13.85 20
3415 13.85 13.98 20
3420 13.85 13.98 20
3425 13.85 13.98 20
3430 13.85 13.98 20
3435 13.85 13.98 20
3440 13.72 13.85 20
3445 13.85 13.85 20
3450 13.85 13.85 20
3455 13.85 13.85 20
3460 13.85 13.98 20
3465 13.98 13.98 20
3470 13.98 13.98 20
3475 13.98 13.85 20
3480 13.98 13.85 20
3485 13.85 13.98 20
3490 13.85 13.98 20
3495 13.85 13.98 20
3500 13.98 13.85 20
3505 14.10 13.98 20
3510 13.98 13.98 20
3515 13.85 13.98 20
3520 13.98 13.98 20
3525 13.98 13.98 20
3530 13.98 13.98 20
3535 13.98 13.98 20
3540 13.98 13.98 20
3545 13.85 13.98 20
3550 13.98 13.98 20
3555 13.98 13.98 20
3560 13.98 13.98 20
3565 13.85 13.98 20
3570 13.98 13.98 20
3575 13.85 13.98 20
3580 13.98 13.98 20
3585 13.98 13.98 20
3590 13.85 13.98 20
3595 13.98 13.98 20
3600 13.98 13.98 20
3605 13.98 13.98 20
3610 13.98 13.98 20
3615 13.98 13.98 20
3620 13.98 13.98 20
3625 13.98 14.10 20
3630 13.98 13.98 20
3635 13.98 13.98 20
3640 13.98 13.98 20
3645 13.98 14.10 20
3650 13.98 13.98 20
3655 14.10 13.98 20
3660 13.85 14.10 20
3665 13.98 13.98 20
3670 13.98 14.10 20
3675 13.98 14.10 20
3680 13.98 14.10 20
3685 13.98 14.10 20
3690 13.98 14.10 20
3695 13.98 13.98 20
3700 13.98 14.10 20
3705 13.98 13.98 20
3710 13.98 13.98 20
3715 13.98 13.98 20
3720 13.98 14.10 20
3725 13.98 14.10 20
3730 13.98 14.10 20
3735 13.98 14.10 20
3740 13.98 14.10 20
3745 13.85 14.10 20
3750 14.10 13.98 20
3755 14.10 13.98 20
3760 13.98 14.10 20
3765 13.98 14.10 20
3770 13.98 14.10 20
3775 13.98 14.10 20
3780 14.23 13.98 20
3785 13.98 14.10 20
3790 13.98 14.10 20
3795 14.10 14.10 20
3800 13.98 14.10 20
3805 14.10 14.10 20
3810 13.98 14.10 20
3815 14.10 14.10 20
3820 14.10 14.10 20
3825 13.98 13.98 20
3830 13.98 14.10 20
3835 13.98 14.23 20
3840 13.98 14.23 20
3845 14.10 14.23 20
3850 13.85 14.10 20
3855 13.98 14.10 20
3860 13.98 14.23 20
3865 13.98 14.10 20
3870 13.98 14.10 20
3875 14.10 14.10 20
3880 14.10 14.10 20
3885 13.98 14.10 20
3890 14.10 14.10 20
3895 13.98 14.10 20
3900 14.10 14.10 20
3905 14.10 14.10 20
3910 13.98 14.10 20
3915 14.10 14.23 20
3920 14.10 14.23 20
3925 14.10 14.36 20
3930 14.10 14.23 20
3935 14.10 14.23 20
3940 14.10 14.23 20
3945 13.98 14.23 20
3950 13.98 14.10 20
3955 14.10 14.10 20
3960 14.10 14.10 20
3965 14.23 14.10 20
3970 14.23 14.10 20
3975 14.10 14.23 20
3980 14.23 14.10 20
3985 14.10 14.23 20
3990 14.23 14.23 20
3995 14.10 14.10 20
4000 14.10 14.23 20
4005 14.23 14.23 20
4010 14.23 14.23 20
4015 14.10 14.23 20
4020 14.10 14.23 20
4025 14.10 14.23 20
4030 14.10 14.23 20
4035 14.36 14.23 20
4040 14.10 14.10 20
4045 14.10 14.36 20
4050 14.10 14.23 20
4055 14.10 14.23 20
4060 14.23 14.23 20
4065 14.23 14.23 20
4070 14.23 14.23 20
4075 14.23 14.23 20
4080 14.10 14.23 20
4085 14.10 14.23 20
4090 14.10 14.23 20
4095 14.10 14.23 20
4100 14.10 14.23 20
4105 14.10 14.23 20
4110 14.10 14.23 20
4115 14.23 14.23 20
4120 14.10 14.23 20
4125 14.23 14.23 20
4130 14.10 14.23 20
4135 14.23 14.23 20
4140 14.23 14.23 20
4145 14.23 14.23 20
4150 14.10 14.23 20
4155 14.23 14.23 20
4160 14.23 14.23 20
4165 14.10 14.23 20
4170 14.23 14.36 20
4175 14.23 14.23 20
4180 14.10 14.36 20
4185 14.23 14.23 20
4190 14.23 14.36 20
4195 14.23 14.23 20
4200 14.23 14.23 20
4205 14.23 14.36 20
4210 14.23 14.23 20
4215 14.23 14.36 20
4220 14.23 14.23 20
4225 14.23 14.36 20
4230 14.23 14.23 20
4235 14.23 14.23 20
4240 14.23 14.36 20
4245 14.23 14.23 20
4250 14.10 14.36 20
4255 14.48 14.23 20
4260 14.23 14.36 20
4265 14.23 14.36 20
4270 14.23 14.23 20
4275 14.36 14.23 20
4280 14.36 14.36 20
4285 14.10 14.23 20
4290 14.23 14.36 20
4295 14.23 14.36 20
4300 14.23 14.36 20
4305 14.23 14.36 20
4310 14.23 14.36 20
4315 14.23 14.36 20
4320 14.23 14.23 20
4325 14.23 14.36 20
4330 14.23 14.36 20
4335 14.23 14.36 20
4340 14.23 14.36 20
4345 14.23 14.36 20
4350 14.36 14.36 20
4355 14.23 14.36 20
4360 14.36 14.36 20
4365 14.36 14.36 20
4370 14.23 14.36 20
4375 14.10 14.36 20
4380 14.23 14.36 20
4385 14.23 14.36 20
4390 14.36 14.36 20
4395 14.36 14.36 20
4400 14.23 14.36 20
4405 14.23 14.36 20
4410 14.36 14.36 20
4415 14.23 14.36 20
4420 14.36 14.36 20
4425 14.23 14.36 20
4430 14.36 14.36 20
4435 14.36 14.48 20
4440 14.23 14.36 20
4445 14.36 14.36 20
4450 14.23 14.36 20
4455 14.23 14.36 20
4460 14.36 14.36 20
4465 14.36 14.36 20
4470 14.36 14.36 20
4475 14.36 14.36 20
4480 14.36 14.36 20
4485 14.36 14.36 20
4490 14.23 14.36 20
4495 14.36 14.48 20
4500 14.36 14.48 20
4505 14.36 14.36 20
4510 14.23 14.36 20
4515 14.36 14.48 20
4520 14.36 14.48 20
4525 14.36 14.48 20
4530 14.48 14.36 20
4535 14.36 14.48 20
4540 14.36 14.48 20
4545 14.36 14.48 20
4550 14.36 14.48 20
4555 14.36 14.48 20
4560 14.36 14.48 20
4565 14.36 14.48 20
4570 14.36 14.48 20
4575 14.36 14.48 20
4580 14.36 14.36 20
4585 14.36 14.48 20
4590 14.36 14.48 20
4595 14.36 14.48 20
4600 14.48 14.48 20
4605 14.36 14.48 20
4610 14.36 14.48 20
4615 14.36 14.48 20
4620 14.36 14.48 20
4625 14.36 14.48 20
4630 14.36 14.48 20
4635 14.36 14.36 20
4640 14.36 14.36 20
4645 14.48 14.48 20
4650 14.23 14.48 20
4655 14.36 14.48 20
4660 14.48 14.48 20
4665 14.48 14.48 20
4670 14.23 14.48 20
4675 14.36 14.48 20
4680 14.36 14.48 20
4685 14.48 14.48 20
4690 14.36 14.48 20
4695 14.48 14.48 20
4700 14.36 14.48 20
4705 14.36 14.61 20
4710 14.48 14.48 20
4715 14.36 14.48 20
4720 14.36 14.48 20
4725 14.48 14.48 20
4730 14.48 14.48 20
4735 14.48 14.48 20
4740 14.48 14.48 20
4745 14.36 14.36 20
4750 14.48 14.48 20
4755 14.48 14.48 20
4760 14.36 14.48 20
4765 14.23 14.48 20
4770 14.48 14.61 20
4775 14.48 14.61 20
4780 14.36 14.48 20
4785 14.48 14.61 20
4790 14.48 14.61 20
4795 14.48 14.48 20
4800 14.48 14.61 20
4805 14.48 14.48 20
4810 14.48 14.61 20
4815 14.48 14.48 20
4820 14.48 14.61 20
4825 14.48 14.48 20
4830 14.48 14.61 20
4835 14.48 14.36 20
4840 14.36 14.61 20
4845 14.48 14.61 20
4850 14.48 14.48 20
4855 14.48 14.61 20
4860 14.48 14.61 20
4865 14.36 14.61 20
4870 14.36 14.61 20
4875 14.48 14.61 20
4880 14.48 14.48 20
4885 14.36 14.61 20
4890 14.48 14.61 20
4895 14.36 14.61 20
4900 14.48 14.61 20
4905 14.48 14.61 20
4910 14.36 14.61 20
4915 14.48 14.61 20
4920 14.61 14.61 20
4925 14.48 14.61 20
4930 14.61 14.61 20
4935 14.48 14.61 20
4940 14.48 14.61 20
4945 14.61 14.61 20
4950 14.61 14.61 20
4955 14.48 14.61 20
4960 14.61 14.61 20
4965 14.48 14.61 20
4970 14.48 14.61 20
4975 14.48 14.61 20
4980 14.48 14.61 20
4985 14.48 14.61 20
4990 14.61 14.61 20
4995 14.48 14.61 20
5000 14.61 14.61 20
5005 14.48 14.61 20
5010 14.61 14.61 20
5015 14.61 14.61 20
5020 14.61 14.73 20
5025 14.61 14.61 20
5030 14.61 14.61 20
5035 14.48 14.73 20
5040 14.61 14.61 20
5045 14.36 14.61 20
5050 14.48 14.73 20
5055 14.61 14.61 20
5060 14.61 14.61 20
5065 14.61 14.61 20
5070 14.61 14.61 20
5075 14.48 14.73 20
5080 14.61 14.61 20
5085 14.61 14.61 20
5090 14.48 14.73 20
5095 14.61 14.73 20
5100 14.61 14.73 20
5105 14.61 14.73 20
5110 14.61 14.73 20
5115 14.61 14.61 20
5120 14.61 14.73 20
5125 14.48 14.73 20
5130 14.61 14.73 20
5135 14.61 14.61 20
5140 14.61 14.73 20
5145 14.73 14.73 20
5150 14.73 14.73 20
5155 14.61 14.73 20
5160 14.61 14.61 20
5165 14.61 14.73 20
5170 14.61 14.73 20
5175 14.61 14.73 20
5180 14.73 14.73 20
5185 14.61 14.73 20
5190 14.61 14.73 20
5195 14.61 14.73 20
5200 14.61 14.73 20
5205 14.61 14.73 20
5210 14.61 14.73 20
5215 14.61 14.73 20
5220 14.61 14.73 20
5225 14.61 14.73 20
5230 14.61 14.73 20
5235 14.61 14.73 20
5240 14.61 14.73 20
5245 14.61 14.73 20
5250 14.61 14.73 20
5255 14.73 14.73 20
5260 14.61 14.73 20
5265 14.61 14.73 20
5270 14.73 14.73 20
5275 14.73 14.73 20
5280 14.61 14.73 20
5285 14.73 14.73 20
5290 14.73 14.73 20
5295 14.61 14.73 20
5300 14.73 14.73 20
5305 14.73 14.73 20
5310 14.61 14.73 20
5315 14.73 14.73 20
5320 14.61 14.73 20
5325 15.11 14.73 20
5330 14.73 14.73 20
5335 14.61 14.73 20
5340 14.73 14.73 20
5345 14.73 14.73 20
5350 14.73 14.73 20
5355 14.73 14.86 20
5360 14.73 14.73 20
5365 14.73 14.73 20
5370 14.61 14.73 20
5375 14.73 14.73 20
5380 14.61 14.73 20
5385 14.73 14.73 20
5390 14.73 14.86 20
5395 14.73 14.86 20
5400 14.73 14.73 20
5405 14.73 14.86 20
5410 14.73 14.86 20
5415 14.73 14.73 20
5420 14.73 14.86 20
5425 14.73 14.86 20
5430 14.73 14.73 20
5435 14.73 14.86 20
5440 14.73 14.86 20
5445 14.73 14.86 20
5450 14.73 14.86 20
5455 14.61 14.86 20
5460 14.73 14.73 20
5465 14.73 14.86 20
5470 14.73 14.86 20
5475 14.73 14.73 20
5480 14.73 14.73 20
5485 14.73 14.86 20
5490 14.73 14.86 20
5495 14.61 14.86 20
5500 14.73 14.86 20
5505 14.73 14.86 20
5510 14.73 14.86 20
5515 14.73 14.86 20
5520 14.61 14.86 20
5525 14.73 14.86 20
5530 14.73 14.86 20
5535 14.73 14.86 20
5540 14.73 14.86 20
5545 14.73 14.86 20
5550 14.86 14.86 20
5555 14.73 14.86 20
5560 14.86 14.86 20
5565 14.73 14.86 20
5570 14.86 14.86 20
5575 14.73 14.86 20
5580 14.73 14.86 20
5585 14.73 14.86 20
5590 14.73 14.86 20
5595 14.73 14.98 20
5600 14.86 14.86 20
5605 14.86 14.98 20
5610 14.86 14.86 20
5615 14.73 14.86 20
5620 14.73 14.86 20
5625 14.73 15.11 20
5630 14.86 14.86 20
5635 14.73 14.86 20
5640 14.86 14.86 20
5645 14.73 14.86 20
5650 14.73 14.98 20
5655 14.73 14.86 20
5660 14.86 14.86 20
5665 14.86 14.86 20
5670 14.73 14.86 20
5675 14.86 14.98 20
5680 14.86 14.98 20
5685 14.86 14.98 20
5690 14.86 14.98 20
5695 14.86 14.98 20
5700 14.86 14.98 20
5705 14.86 14.86 20
5710 14.86 14.98 20
5715 14.86 14.86 20
5720 14.86 14.98 20
5725 14.86 14.98 20
5730 14.73 14.98 20
5735 14.86 14.98 20
5740 14.86 14.98 20
5745 14.86 14.86 20
5750 14.86 14.98 20
5755 14.86 14.98 20
5760 14.86 14.98 20
5765 14.86 14.98 20
5770 14.86 14.98 20
5775 14.86 14.98 20
5780 14.86 14.98 20
5785 14.86 14.98 20
5790 14.86 14.98 20
5795 14.86 14.98 20
5800 14.86 14.98 20
5805 14.86 14.98 20
5810 14.86 14.98 20
5815 14.86 14.86 20
5820 14.86 14.98 20
5825 14.86 14.98 20
5830 14.86 14.98 20
5835 14.86 14.98 20
5840 14.86 14.98 20
5845 14.86 14.98 20
5850 14.86 14.98 20
5855 14.98 14.98 20
5860 14.86 14.98 20
5865 14.86 14.98 20
5870 14.98 14.98 20
5875 14.98 14.98 20
5880 14.98 15.11 20
5885 14.86 14.98 20
5890 14.86 14.98 20
5895 14.86 14.98 20
5900 14.98 14.98 20
5905 14.86 14.98 20
5910 14.98 14.98 20
5915 14.98 14.98 20
5920 14.98 15.11 20
5925 14.86 14.98 20
5930 14.86 14.98 20
5935 14.73 14.98 20
5940 14.98 14.98 20
5945 14.98 15.11 20
5950 14.98 14.98 20
5955 14.86 15.11 20
5960 14.86 14.98 20
5965 14.98 14.98 20
5970 14.98 15.11 20
5975 14.98 14.98 20
5980 14.98 15.11 20
5985 14.98 14.98 20
5990 14.98 14.98 20
5995 14.98 15.11 20
6000 14.98 15.11 20
6005 14.86 15.11 20
6010 14.98 15.11 20
6015 14.98 15.11 20
6020 14.98 15.11 20
6025 14.98 15.11 20
6030 14.98 15.11 20
6035 14.98 15.11 20
6040 14.98 15.11 20
6045 15.23 15.11 20
6050 14.98 15.11 20
6055 14.98 15.11 20
6060 14.98 15.11 20
6065 14.98 15.23 20
6070 14.98 15.11 20
6075 14.98 15.11 20
6080 14.98 15.11 20
6085 14.98 15.11 20
6090 14.98 15.11 20
6095 14.98 15.11 20
6100 14.98 15.11 20
6105 15.11 15.11 20
6110 14.98 15.11 20
6115 14.98 15.11 20
6120 14.98 15.11 20
6125 14.98 15.11 20
6130 15.11 15.11 20
6135 14.98 15.11 20
6140 14.98 15.11 20
6145 15.11 15.11 20
6150 14.98 14.98 20
6155 14.98 15.11 20
6160 14.98 15.11 20
6165 14.98 15.11 20
6170 14.98 15.11 20
6175 14.98 15.11 20
6180 14.98 15.11 20
6185 15.11 15.11 20
6190 14.98 15.11 20
6195 14.98 15.11 20
6200 14.86 15.11 20
6205 15.11 15.11 20
6210 14.98 15.11 20
6215 15.11 15.11 20
6220 15.11 15.23 20
6225 14.98 15.11 20
6230 15.11 15.11 20
6235 15.11 15.11 20
6240 15.11 15.11 20
6245 15.11 15.11 20
6250 15.11 15.11 20
6255 15.11 15.11 20
6260 15.11 15.23 20
6265 15.11 15.23 20
6270 15.11 15.11 20
6275 14.98 15.11 20
6280 15.11 15.11 20
6285 14.98 15.23 20
6290 14.98 15.11 20
6295 15.11 15.11 20
6300 15.11 15.11 20
6305 15.11 15.23 20
6310 15.11 15.23 20
6315 15.11 15.23 20
6320 14.98 15.11 20
6325 15.11 15.11 20
6330 14.98 15.23 20
6335 15.11 15.23 20
6340 15.11 15.23 20
6345 14.98 15.23 20
6350 15.11 15.23 20
6355 15.23 15.23 20
6360 15.11 15.11 20
6365 15.11 15.23 20
6370 15.11 15.23 20
6375 15.11 15.23 20
6380 15.11 15.23 20
6385 15.11 15.23 20
6390 15.11 15.23 20
6395 15.11 15.11 20
6400 15.11 15.23 20
6405 15.11 15.23 20
6410 15.23 15.23 20
6415 15.11 15.11 20
6420 15.11 15.23 20
6425 15.11 15.23 20
6430 15.11 15.23 20
6435 15.11 15.23 20
6440 15.23 15.23 20
6445 15.11 15.23 20
6450 15.11 15.23 20
6455 15.11 15.23 20
6460 15.11 15.23 20
6465 15.11 15.23 20
6470 15.11 15.23 20
6475 15.23 15.23 20
6480 15.11 15.23 20
6485 15.23 15.23 20
6490 15.11 15.23 20
6495 15.23 15.23 20
6500 15.23 15.23 20
6505 15.11 15.23 20
6510 15.23 15.23 20
6515 15.11 15.23 20
6520 15.11 15.23 20
6525 15.23 15.23 20
6530 15.11 15.23 20
6535 15.23 15.23 20
6540 15.23 15.36 20
6545 15.11 15.23 20
6550 15.23 15.23 20
6555 15.11 15.23 20
6560 15.23 15.36 20
6565 15.23 15.23 20
6570 15.23 15.23 20
6575 15.23 15.23 20
6580 15.23 15.23 20
6585 15.23 15.23 20
6590 15.23 15.23 20
6595 15.11 15.23 20
6600 15.23 15.23 20
6605 15.23 15.23 20
6610 15.23 15.36 20
6615 15.23 15.23 20
6620 15.23 15.23 20
6625 15.23 15.23 20
6630 15.23 15.36 20
6635 15.23 15.36 20
6640 15.23 15.36 20
6645 15.23 15.23 20
6650 15.23 15.36 20
6655 15.23 15.36 20
6660 15.23 15.23 20
6665 15.23 15.36 20
6670 15.23 15.36 20
6675 15.23 15.36 20
6680 15.11 15.36 20
6685 15.23 15.36 20
6690 15.23 15.23 20
6695 15.23 15.36 20
6700 15.23 15.36 20
6705 15.23 15.36 20
6710 15.23 15.23 20
6715 15.36 15.23 20
6720 15.23 15.36 20
6725 15.11 15.36 20
6730 15.23 15.36 20
6735 15.23 15.36 20
6740 15.23 15.36 20
6745 15.11 15.36 20
6750 15.23 15.36 20
6755 15.36 15.36 20
6760 15.23 15.36 20
6765 15.36 15.36 20
6770 15.23 15.36 20
6775 15.23 15.36 20
6780 15.11 15.36 20
6785 15.23 15.36 20
6790 15.23 15.11 20
6795 15.23 15.36 20
6800 15.23 15.36 20
6805 15.36 15.36 20
6810 15.23 15.36 20
6815 15.23 15.36 20
6820 15.23 15.36 20
6825 15.36 15.36 20
6830 15.36 15.36 20
6835 15.36 15.48 20
6840 15.36 15.36 20
6845 15.36 15.36 20
6850 15.23 15.36 20
6855 15.36 15.36 20
6860 15.36 15.36 20
6865 15.36 15.36 20
6870 15.36 15.36 20
6875 15.60 15.36 20
6880 15.36 15.36 20
6885 15.36 15.48 20
6890 15.36 15.36 20
6895 15.36 15.36 20
6900 15.48 15.36 20
6905 15.48 15.36 20
6910 15.36 15.48 20
6915 15.36 15.36 20
6920 15.36 15.36 20
6925 15.36 15.48 20
6930 15.36 15.36 20
6935 15.36 15.48 20
6940 15.36 15.48 20
6945 15.36 15.36 20
6950 15.36 15.48 20
6955 15.36 15.48 20
6960 15.36 15.36 20
6965 15.36 15.48 20
6970 15.36 15.48 20
6975 15.36 15.48 20
6980 15.36 15.48 20
6985 15.36 15.48 20
6990 15.36 15.48 20
6995 15.36 15.48 20
7000 15.36 15.36 20
7005 15.36 15.48 20
7010 15.36 15.48 20
7015 15.36 15.48 20
7020 15.36 15.48 20
7025 15.23 15.48 20
7030 15.36 15.48 20
7035 15.36 15.48 20
7040 15.36 15.48 20
7045 15.36 15.48 20
7050 15.36 15.48 20
7055 15.48 15.48 20
7060 15.48 15.48 20
7065 15.36 15.48 20
7070 15.48 15.48 20
7075 15.36 15.48 20
7080 15.36 15.48 20
7085 15.36 15.48 20
7090 15.23 15.48 20
7095 15.36 15.48 20
7100 15.36 15.48 20
7105 15.36 15.36 20
7110 15.36 15.48 20
7115 15.48 15.48 20
7120 15.48 15.48 20
7125 15.48 15.48 20
7130 15.48 15.60 20
7135 15.36 15.48 20
7140 15.36 15.48 20
7145 15.36 15.60 20
7150 15.48 15.48 20
7155 15.48 15.48 20
7160 15.36 15.48 20
7165 15.48 15.48 20
7170 15.36 15.60 20
7175 15.48 15.48 20
7180 15.48 15.60 20
7185 15.36 15.48 20
7190 15.48 15.48 20
7195 15.48 15.48 20
7200 15.48 15.48 20
7205 15.48 15.48 20
7210 15.48 15.60 20
7215 15.48 15.48 20
7220 15.48 15.48 20
7225 15.48 15.48 20
7230 15.48 15.48 20
7235 15.48 15.60 20
7240 15.48 15.48 20
7245 15.48 15.48 20
7250 15.48 15.60 20
7255 15.48 15.60 20
7260 15.48 15.60 20
7265 15.73 15.48 20
7270 15.48 15.60 20
7275 15.48 15.48 20
7280 15.48 15.60 20
7285 15.48 15.60 20
7290 15.48 15.60 20
7295 15.48 15.60 20
7300 15.48 15.60 20
7305 15.48 15.60 20
7310 15.48 15.48 20
7315 15.48 15.60 20
7320 15.36 15.60 20
7325 15.48 15.60 20
7330 15.48 15.60 20
7335 15.48 15.60 20
7340 15.60 15.60 20
7345 15.48 15.48 20
7350 15.48 15.60 20
7355 15.48 15.60 20
7360 15.48 15.60 20
7365 15.48 15.60 20
7370 15.48 15.60 20
7375 15.48 15.60 20
7380 15.48 15.60 20
7385 15.48 15.60 20
7390 15.48 15.60 20
7395 15.48 15.60 20
7400 15.48 15.60 20
7405 15.48 15.60 20
7410 15.48 15.60 20
7415 15.48 15.60 20
7420 15.48 15.60 20
7425 15.48 15.60 20
7430 15.48 15.60 20
7435 15.48 15.60 20
7440 15.85 15.60 20
7445 15.60 15.60 20
7450 15.60 15.60 20
7455 15.60 15.60 20
7460 15.48 15.48 20
7465 15.48 15.60 20
7470 15.48 15.60 20
7475 15.48 15.60 20
7480 15.48 15.60 20
7485 15.48 15.60 20
7490 15.60 15.60 20
7495 15.60 15.48 20
7500 15.48 15.60 20
7505 15.60 15.73 20
7510 15.60 15.60 20
7515 15.60 15.60 20
7520 15.60 15.60 20
7525 15.60 15.73 20
7530 15.60 15.73 20
7535 15.60 15.60 20
7540 15.60 15.60 20
7545 15.48 15.60 20
7550 15.48 15.73 20
7555 15.48 15.97 20
7560 15.60 15.73 20
7565 15.60 15.60 20
7570 15.60 15.73 20
7575 15.60 15.73 20
7580 15.60 15.60 20
7585 15.60 15.60 20
7590 15.48 15.73 20
7595 15.60 15.73 20
7600 15.60 15.73 20
7605 15.60 15.73 20
7610 15.60 15.60 20
7615 15.60 15.60 20
7620 15.60 15.60 20
7625 15.48 15.73 20
7630 15.60 15.73 20
7635 15.60 15.73 20
7640 15.48 15.73 20
7645 15.48 15.73 20
7650 15.60 15.73 20
7655 15.60 15.73 20
7660 15.60 15.73 20
7665 15.60 15.73 20
7670 15.60 15.73 20
7675 15.73 15.60 20
7680 15.60 15.60 20
7685 15.48 15.73 20
7690 15.60 15.73 20
7695 15.60 15.73 20
7700 15.60 15.73 20
7705 15.73 15.73 20
7710 15.60 15.73 20
7715 15.60 15.73 20
7720 15.60 15.73 20
7725 15.60 15.73 20
7730 15.85 15.73 20
7735 15.73 15.73 20
7740 15.60 15.73 20
7745 15.73 15.73 20
7750 15.73 15.73 20
7755 15.60 15.73 20
7760 15.60 15.73 20
7765 15.60 15.73 20
7770 15.73 15.73 20
7775 15.73 15.85 20
7780 15.73 15.73 20
7785 15.73 15.73 20
7790 15.60 15.73 20
7795 15.73 15.73 20
7800 15.60 15.73 20
7805 15.60 15.73 20
7810 15.73 15.73 20
7815 15.60 15.73 20
7820 15.60 15.73 20
7825 15.73 15.85 20
7830 15.73 15.73 20
7835 15.73 15.73 20
7840 15.60 15.85 20
7845 15.73 15.85 20
7850 15.73 15.73 20
7855 15.73 15.73 20
7860 15.73 15.73 20
7865 15.73 15.73 20
7870 15.60 15.73 20
7875 15.73 15.73 20
7880 15.73 15.73 20
7885 15.60 15.73 20
7890 15.73 15.73 20
7895 15.60 15.73 20
7900 15.73 15.73 20
7905 15.60 15.73 20
7910 15.73 15.85 20
7915 15.73 15.85 20
7920 15.73 15.73 20
7925 15.73 15.73 20
7930 15.73 15.85 20
7935 15.73 15.73 20
7940 15.73 15.73 20
7945 15.73 15.73 20
7950 15.73 15.85 20
7955 15.60 15.73 20
7960 15.73 15.73 20
7965 15.60 15.73 20
7970 15.85 15.73 20
7975 15.73 15.73 20
7980 15.73 15.73 20
7985 15.73 15.73 20
7990 15.73 15.85 20
7995 15.60 15.73 20
8000 15.73 15.85 20
8005 15.73 15.85 20
8010 15.73 15.73 20
8015 15.73 15.73 20
8020 15.73 15.73 20
8025 15.73 15.85 20
8030 15.73 15.85 20
8035 15.73 15.85 20
8040 15.73 15.85 20
8045 15.73 15.85 20
8050 15.73 15.85 20
8055 15.73 15.85 20
8060 15.73 15.85 20
8065 15.73 15.85 20
8070 15.85 15.73 20
8075 15.97 15.85 20
8080 15.73 15.85 20
8085 15.73 15.73 20
8090 15.73 15.85 20
8095 15.73 15.85 20
8100 15.73 15.85 20
8105 15.73 15.85 20
8110 15.73 15.85 20
8115 15.85 15.85 20
8120 15.73 15.85 20
8125 15.73 15.85 20
8130 15.73 15.85 20
8135 15.85 15.85 20
8140 15.73 15.85 20
8145 15.85 15.85 20
8150 15.85 15.85 20
8155 15.73 15.85 20
8160 15.73 16.10 20
8165 15.85 15.73 20
8170 15.85 15.85 20
8175 15.85 15.85 20
8180 15.85 15.85 20
8185 15.85 15.73 20
8190 15.85 15.85 20
8195 15.85 15.85 20
8200 15.73 15.85 20
8205 15.85 15.85 20
8210 15.85 15.85 20
8215 15.60 15.85 20
8220 15.85 15.85 20
8225 15.85 15.85 20
8230 15.85 15.85 20
8235 15.85 15.85 20
8240 15.85 15.85 20
8245 15.85 15.97 20
8250 15.85 15.85 20
8255 15.85 15.85 20
8260 15.85 15.97 20
8265 15.85 15.85 20
8270 15.85 15.97 20
8275 15.85 15.85 20
8280 15.85 15.97 20
8285 15.85 15.85 20
8290 15.85 15.97 20
8295 15.85 15.97 20
8300 15.85 15.85 20
8305 15.85 15.85 20
8310 15.73 15.97 20
8315 15.85 15.97 20
8320 15.85 15.97 20
8325 15.85 15.97 20
8330 15.73 15.97 20
8335 15.85 15.97 20
8340 15.60 15.97 20
8345 15.85 15.97 20
8350 15.85 15.85 20
8355 15.85 15.97 20
8360 15.85 15.85 20
8365 15.85 15.97 20
8370 15.85 15.97 20
8375 15.85 15.97 20
8380 15.85 15.97 20
8385 15.85 15.97 20
8390 15.85 15.97 20
8395 15.85 15.97 20
8400 15.85 15.97 20
8405 15.97 15.85 20
8410 15.73 15.85 20
8415 15.85 15.97 20
8420 15.85 15.97 20
8425 15.85 15.97 20
8430 15.85 15.97 20
8435 15.85 15.97 20
8440 15.85 15.97 20
8445 15.85 15.97 20
8450 15.85 15.97 20
8455 15.85 15.97 20
8460 15.97 15.97 20
8465 15.97 15.97 20
8470 15.85 15.97 20
8475 15.97 15.97 20
8480 15.97 15.97 20
8485 15.97 15.97 20
8490 15.97 15.97 20
8495 15.97 15.97 20
8500 15.97 15.97 20
8505 15.97 15.97 20
8510 15.85 15.97 20
8515 15.85 16.10 20
8520 15.97 15.97 20
8525 15.97 15.97 20
8530 15.97 15.97 20
8535 15.97 16.10 20
8540 15.97 15.97 20
8545 15.97 15.97 20
8550 15.97 15.97 20
8555 15.97 15.97 20
8560 15.97 15.97 20
8565 15.97 15.97 20
8570 15.97 15.97 20
8575 15.97 15.97 20
8580 15.97 15.97 20
8585 15.97 15.97 20
8590 15.97 15.97 20
8595 15.85 15.97 20
8600 15.97 16.10 20
8605 15.85 15.97 20
8610 15.97 15.97 20
8615 15.97 15.97 20
8620 15.97 15.97 20
8625 15.97 15.97 20
8630 15.97 15.97 20
8635 15.97 16.10 20
8640 15.85 16.10 20
8645 15.85 16.10 20
8650 15.97 15.97 20
8655 15.97 15.97 20
8660 16.10 16.10 20
8665 15.97 16.10 20
8670 15.97 16.10 20
8675 15.97 16.10 20
8680 15.97 16.10 20
8685 15.97 16.10 20
8690 15.97 16.10 20
8695 15.97 15.97 20
8700 15.97 16.22 20
8705 15.97 16.10 20
8710 16.10 16.10 20
8715 15.97 16.10 20
8720 15.85 16.10 20
8725 16.10 15.97 20
8730 15.97 16.10 20
8735 15.97 16.10 20
8740 15.97 16.10 20
8745 15.97 16.10 20
8750 15.97 16.10 20
8755 15.97 16.10 20
8760 16.10 16.10 20
8765 15.85 16.10 20
8770 15.97 16.10 20
8775 15.97 16.10 20
8780 15.97 16.10 20
8785 15.97 16.10 20
8790 16.10 16.10 20
8795 16.10 16.10 20
8800 16.10 16.10 20
8805 16.10 15.97 20
8810 15.97 16.10 20
8815 15.97 16.10 20
8820 16.10 16.10 20
8825 16.10 16.10 20
8830 16.10 16.10 20
8835 16.10 16.10 20
8840 15.97 16.10 20
8845 16.10 16.10 20
8850 16.10 16.10 20
8855 16.10 16.10 20
8860 15.97 16.10 20
8865 16.10 16.10 20
8870 16.22 16.10 20
8875 15.97 16.10 20
8880 16.10 16.10 20
8885 16.10 16.10 20
8890 16.10 16.10 20
8895 16.10 16.10 20
8900 16.10 16.10 20
8905 16.10 16.10 20
8910 16.10 16.10 20
8915 16.10 16.10 20
8920 16.10 16.10 20
8925 16.10 16.10 20
8930 15.85 16.10 20
8935 16.10 16.10 20
8940 16.10 16.10 20
8945 16.10 16.10 20
8950 16.10 16.10 20
8955 16.10 16.10 20
8960 16.10 16.10 20
8965 16.10 16.10 20
8970 16.10 16.10 20
8975 16.10 16.10 20
8980 16.10 16.10 20
8985 16.10 16.10 20
8990 16.10 16.10 20
8995 16.10 16.10 20
9000 16.10 16.10 20
9005 16.10 16.10 20
9010 16.22 16.22 20
9015 16.10 16.22 20
9020 16.10 16.10 20
9025 16.10 16.10 20
9030 16.10 16.10 20
9035 16.10 16.10 20
9040 15.97 16.22 20
9045 16.10 16.22 20
9050 16.10 16.10 20
9055 16.10 16.10 20
9060 16.10 16.10 20
9065 16.10 16.22 20
9070 16.10 16.22 20
9075 16.10 16.22 20
9080 16.10 16.22 20
9085 16.10 16.10 20
9090 16.10 16.10 20
9095 16.10 16.10 20
9100 16.10 16.22 20
9105 16.10 16.22 20
9110 16.10 16.10 20
9115 16.10 16.22 20
9120 15.97 16.22 20
9125 16.10 16.10 20
9130 16.22 16.22 20
9135 16.10 16.22 20
9140 15.97 16.10 20
9145 16.10 16.22 20
9150 15.97 16.22 20
9155 16.10 16.22 20
9160 16.10 16.22 20
9165 16.10 16.22 20
9170 16.10 16.22 20
9175 16.10 16.22 20
9180 16.10 16.22 20
9185 16.22 16.22 20
9190 16.10 16.22 20
9195 16.22 16.22 20
9200 16.10 16.22 20
9205 16.22 16.22 20
9210 16.22 16.22 20
9215 16.10 16.22 20
9220 16.22 16.22 20
9225 16.22 16.10 20
9230 16.10 16.22 20
9235 16.22 16.22 20
9240 16.34 16.22 20
9245 16.22 16.34 20
9250 16.22 16.22 20
9255 16.22 16.22 20
9260 16.10 15.97 20
9265 16.22 16.22 20
9270 16.22 16.22 20
9275 16.10 16.22 20
9280 16.22 16.34 20
9285 16.10 16.22 20
9290 16.22 16.10 20
9295 16.22 15.97 20
9300 16.22 15.85 20
9305 16.22 15.85 20
9310 16.22 15.60 20
9315 16.22 15.23 20
9320 16.22 14.86 20
9325 16.10 14.48 20
9330 15.97 14.23 20
9335 16.10 13.98 20
9340 16.10 13.47 20
9345 16.10 12.96 20
9350 16.22 12.83 20
9355 16.10 12.44 20
9360 16.22 12.05 20
9365 16.10 11.92 20
9370 16.10 11.52 20
9375 15.97 11.13 20
9380 16.10 10.86 20
9385 15.97 10.73 20
9390 15.97 10.59 20
9395 15.97 10.32 20
9400 15.85 10.32 20
9405 15.97 10.19 20
9410 15.97 10.05 20
9415 15.85 9.92 20
9420 15.85 9.65 20
9425 15.85 9.37 20
9430 15.85 9.37 20
9435 15.85 9.10 20
9440 15.73 8.68 20
9445 15.73 8.68 20
9450 15.73 8.68 20
9455 15.73 8.41 20
9460 15.73 8.27 20
9465 15.85 8.13 20
9470 15.60 8.13 20
9475 15.60 7.84 20
9480 15.60 7.84 20
9485 15.48 7.70 20
9490 15.48 7.56 20
9495 15.36 7.13 20
9500 15.36 6.99 20
9505 15.36 7.13 20
9510 15.36 6.99 20
9515 15.36 6.99 20
9520 15.36 6.85 20
9525 15.36 6.56 20
9530 15.23 6.41 20
9535 15.23 6.56 20
9540 15.11 6.41 20
9545 15.23 6.27 20
9550 15.11 6.27 20
9555 15.11 6.27 20
9560 15.11 5.98 20
9565 15.11 5.83 20
9570 14.98 5.98 20
9575 14.86 5.98 20
9580 14.86 6.12 20
9585 14.98 5.98 20
9590 14.86 6.12 20
9595 14.86 6.12 20
9600 14.86 6.12 20
9605 14.73 5.98 20
9610 14.86 6.12 20
9615 14.73 6.12 20
9620 14.73 6.12 20
9625 14.86 6.12 20
9630 14.73 6.12 20
9635 14.73 6.12 20
9640 14.61 6.12 20
9645 14.61 5.98 20
9650 14.61 5.98 20
9655 14.61 5.98 20
9660 14.61 6.12 20
9665 14.48 6.12 20
9670 14.48 6.27 20
9675 14.48 6.12 20
9680 14.48 5.83 20
9685 14.36 6.27 20
9690 14.48 6.27 20
9695 14.36 6.12 20
9700 14.36 6.27 20
9705 14.36 6.27 20
9710 14.36 6.41 20
9715 14.36 6.41 20
9720 14.36 6.41 20
9725 14.23 6.56 20
9730 14.36 6.56 20
9735 14.36 6.56 20
9740 14.36 6.56 20
9745 14.23 6.85 20
9750 14.23 6.70 20
9755 14.23 6.70 20
9760 14.23 6.85 20
9765 14.23 6.99 20
9770 14.10 6.99 20
9775 14.10 7.28 20
9780 14.10 7.28 20
9785 14.10 7.70 20
9790 14.10 7.70 20
9795 14.10 7.42 20
9800 14.10 7.42 20
9805 14.23 7.56 20
9810 14.10 7.56 20
9815 14.10 7.84 20
9820 14.10 7.84 20
9825 13.98 7.70 20
9830 14.10 7.56 20
9835 13.98 7.70 20
9840 13.98 7.99 20
9845 13.85 7.99 20
9850 14.10 7.99 20
9855 13.98 8.13 20
9860 13.98 8.27 20
9865 13.98 8.27 20
9870 13.98 8.41 20
9875 13.85 8.41 20
9880 13.85 8.41 20
9885 13.85 8.55 20
9890 13.85 8.68 20
9895 13.85 8.68 20
9900 13.85 8.82 20
9905 13.85 8.68 20
9910 13.85 8.82 20
9915 13.85 9.10 20
9920 13.85 8.82 20
9925 13.85 8.96 20
9930 13.72 9.10 20
9935 13.72 9.10 20
9940 13.60 9.10 20
9945 13.72 8.82 20
9950 13.72 8.68 20
9955 13.72 8.68 20
9960 13.85 8.55 20
9965 13.72 8.68 20
9970 13.72 8.68 20
9975 13.72 8.68 20
9980 13.60 8.68 20
9985 13.72 8.82 20
9990 13.72 8.82 20
9995 13.60 8.96 20
10000 13.60 8.82 20
10005 13.60 9.10 20
10010 13.60 9.10 20
10015 13.60 9.24 20
10020 13.60 9.37 20
10025 13.47 9.24 20
10030 13.60 9.24 20
10035 13.72 9.24 20
10040 13.60 9.51 20
10045 13.60 9.65 20
10050 13.60 9.51 20
10055 13.47 9.65 20
10060 13.47 9.78 20
10065 13.47 9.78 20
10070 13.47 9.65 20
10075 13.47 9.78 20
10080 13.47 9.78 20
10085 13.47 9.65 20
10090 13.47 9.37 20
10095 13.34 9.37 20
10100 13.34 9.24 20
10105 13.47 9.37 20
10110 13.34 9.24 20
10115 13.34 9.24 20
10120 13.47 9.24 20
10125 13.47 9.24 20
10130 13.34 9.24 20
10135 13.34 9.24 20
10140 13.34 9.37 20
10145 13.34 9.37 20
10150 13.34 9.37 20
10155 13.34 9.37 20
10160 13.34 9.24 20
10165 13.34 9.37 20
10170 13.34 9.37 20
10175 13.47 9.51 20
10180 13.34 9.51 20
10185 13.21 9.51 20
10190 13.34 9.51 20
10195 13.21 9.51 20
10200 13.34 9.51 20
10205 13.21 9.65 20
10210 13.21 9.65 20
10215 13.34 9.51 20
10220 13.21 9.51 20
10225 13.21 9.51 20
10230 13.21 9.51 20
10235 13.21 9.51 20
10240 13.21 9.51 20
10245 13.21 9.65 20
10250 13.21 9.65 20
10255 13.21 9.65 20
10260 13.21 9.51 20
10265 13.08 9.78 20
10270 13.21 9.78 20
10275 13.21 9.65 20
10280 13.21 9.78 20
10285 13.21 9.78 20
10290 13.21 9.78 20
10295 13.08 9.78 20
10300 13.08 9.92 20
10305 13.21 9.92 20
10310 13.08 9.92 20
10315 13.08 9.92 20
10320 13.08 9.92 20
10325 13.08 10.05 20
10330 13.08 9.92 20
10335 13.08 9.92 20
10340 12.96 9.92 20
10345 13.08 10.05 20
10350 12.96 10.05 20
10355 13.08 10.19 20
10360 13.08 10.19 20
10365 13.08 10.19 20
10370 13.08 10.19 20
10375 12.96 10.19 20
10380 13.08 10.19 20
10385 12.96 10.05 20
10390 12.96 10.32 20
10395 13.08 10.32 20
10400 13.08 10.32 20
10405 12.96 10.32 20
10410 12.96 10.32 20
10415 12.96 10.32 20
10420 12.96 10.32 20
10425 12.96 10.32 20
10430 12.96 10.32 20
10435 13.08 10.32 20
10440 12.96 10.32 20
10445 12.96 10.46 20
10450 12.96 10.46 20
10455 12.96 10.46 20
10460 12.96 10.46 20
10465 13.08 10.46 20
10470 12.96 10.46 20
10475 13.08 10.46 20
10480 12.96 10.46 20
10485 12.96 10.46 20
10490 12.96 10.46 20
10495 12.96 10.59 20
10500 12.96 10.59 20
10505 12.96 10.59 20
10510 12.96 10.59 20
10515 12.96 10.59 20
10520 12.96 10.59 20
10525 12.96 10.59 20
10530 12.83 10.73 20
10535 12.96 10.73 20
10540 12.96 10.73 20
10545 12.83 10.73 20
10550 12.96 10.73 20
10555 12.96 10.73 20
10560 12.96 10.73 20
10565 12.83 10.73 20
10570 12.83 10.73 20
10575 12.83 10.73 20
10580 12.96 10.73 20
10585 12.96 10.73 20
10590 12.83 10.86 20
10595 12.83 10.73 20
10600 12.83 10.86 20
10605 12.83 10.73 20
10610 12.83 10.73 20
10615 12.96 10.86 20
10620 12.83 10.73 20
10625 12.83 10.59 20
10630 12.83 10.73 20
10635 12.83 10.73 20
10640 12.83 10.86 20
10645 12.96 10.86 20
10650 12.83 10.86 20
10655 12.83 10.73 20
10660 12.83 10.73 20
10665 12.83 10.86 20
10670 12.83 10.86 20
10675 12.83 10.86 20
10680 12.83 10.86 20
10685 12.83 10.86 20
10690 12.83 10.86 20
10695 12.83 10.86 20
10700 12.83 10.86 20
10705 12.70 10.86 20
10710 12.83 10.99 20
10715 12.83 10.99 20
10720 12.70 10.99 20
10725 12.83 10.86 20
10730 12.70 10.99 20
10735 12.70 10.86 20
10740 12.70 10.99 20
10745 12.70 10.99 20
10750 12.70 10.99 20
10755 12.83 10.99 20
10760 12.70 10.99 20
10765 12.83 10.99 20
10770 12.70 10.99 20
10775 12.70 10.99 20
10780 12.70 10.99 20
10785 12.83 10.99 20
10790 12.70 11.13 20
10795 12.70 11.26 20
10800 12.70 10.99 20
10805 12.83 11.13 20
10810 12.70 11.13 20
10815 12.70 11.13 20
10820 12.70 11.13 20
10825 12.70 11.13 20
10830 12.70 11.13 20
10835 12.70 11.13 20
10840 12.83 11.13 20
10845 12.70 11.13 20
10850 12.83 11.26 20
10855 12.83 11.13 20
10860 12.70 11.13 20
10865 12.57 11.13 20
10870 12.70 11.26 20
10875 12.96 11.13 20
10880 12.70 11.13 20
10885 12.57 11.26 20
10890 12.70 11.52 20
10895 12.70 11.13 20
10900 12.70 11.26 20
10905 12.57 11.26 20
10910 12.70 11.26 20
10915 12.70 11.26 20
10920 12.70 11.26 20
10925 12.57 11.26 20
10930 12.70 11.13 20
10935 12.70 11.26 20
10940 12.57 11.26 20
10945 12.70 11.26 20
10950 12.70 11.26 20
10955 12.70 11.26 20
10960 12.57 11.26 20
10965 12.57 11.26 20
10970 12.57 11.26 20
10975 12.70 11.26 20
10980 12.83 11.26 20
10985 12.70 11.26 20
10990 12.70 11.26 20
10995 12.70 11.39 20
11000 12.70 11.26 20
11005 12.57 11.39 20
11010 12.70 11.26 20
11015 12.70 11.39 20
11020 12.70 11.26 20
11025 12.70 11.26 20
11030 12.70 11.26 20
11035 12.70 11.39 20
11040 12.57 11.26 20
11045 12.83 11.26 20
11050 12.83 11.39 20
11055 12.44 11.39 0
11060 12.70 11.39 20
11065 12.57 11.52 20
11070 12.70 11.26 20
11075 12.70 11.39 20
11080 12.57 11.39 20
11085 12.70 11.39 20
11090 12.70 11.39 20
11095 12.57 11.39 20
11100 12.57 11.39 20
11105 12.70 11.52 20
11110 12.70 11.39 20
11115 12.70 11.39 20
11120 12.70 11.39 20
11125 12.70 11.39 20
11130 12.70 11.39 20
11135 12.70 11.39 20
11140 12.70 11.26 20
11145 12.57 11.39 20
11150 12.57 11.39 20
11155 12.70 11.39 20
11160 12.57 11.39 20
11165 12.57 11.39 20
11170 12.57 11.39 20
11175 12.57 11.39 20
11180 12.57 11.39 20
11185 12.57 11.52 20
11190 12.57 11.39 20
11195 12.57 11.39 20
11200 12.57 11.39 20
11205 12.57 11.39 20
11210 12.70 11.39 20
11215 12.57 11.39 20
11220 12.70 11.65 20
11225 12.57 11.39 20
11230 12.70 11.52 20
11235 12.44 11.39 0
11240 12.70 11.52 20
11245 12.57 11.52 20
11250 12.57 11.52 20
11255 12.57 11.65 20
11260 12.57 11.52 20
11265 12.70 11.52 20
11270 12.57 11.52 20
11275 12.57 11.52 20
11280 12.57 11.52 20
11285 12.44 11.52 0
11290 12.57 11.39 20
11295 12.57 11.52 20
11300 12.57 11.52 20
11305 12.57 11.52 20
11310 12.57 11.52 20
11315 12.57 11.52 20
11320 12.57 11.52 20
11325 12.57 11.52 20
11330 12.57 11.52 20
11335 12.57 11.52 20
11340 12.57 11.52 20
11345 12.57 11.52 20
11350 12.57 11.52 20
11355 12.57 11.52 20
11360 12.57 11.52 20
11365 12.57 11.52 20
11370 12.70 11.65 20
11375 12.57 11.65 20
11380 12.57 11.65 20
11385 12.57 11.65 20
11390 12.57 11.65 20
11395 12.70 11.65 20
11400 12.57 11.52 20
11405 12.57 11.65 20
11410 12.57 11.65 20
11415 12.57 11.65 20
11420 12.57 11.65 20
11425 12.57 11.65 20
11430 12.57 11.65 20
11435 12.57 11.65 20
11440 12.57 11.65 20
11445 12.57 11.65 20
11450 12.57 11.65 20
11455 12.57 11.52 20
11460 12.57 11.65 20
11465 12.57 11.65 20
11470 12.57 11.65 20
11475 12.57 11.65 20
11480 12.57 11.65 20
11485 12.57 11.65 20
11490 12.57 11.65 20
11495 12.57 11.65 20
11500 12.57 11.52 20
11505 12.57 11.65 20
11510 12.57 11.65 20
11515 12.57 11.65 20
11520 12.57 11.65 20
11525 12.57 11.79 20
11530 12.57 11.65 20
11535 12.57 11.79 20
11540 12.57 11.79 20
11545 12.57 11.79 20
11550 12.57 11.79 20
11555 12.57 11.79 20
11560 12.70 11.65 20
11565 12.57 11.65 20
11570 12.57 11.79 20
11575 12.57 11.79 20
11580 12.57 11.65 20
11585 12.57 11.79 20
11590 12.70 11.65 20
11595 12.57 11.79 20
11600 12.57 11.79 20
11605 12.57 11.79 20
11610 12.57 11.79 20
11615 12.57 11.79 20
11620 12.57 11.79 20
11625 12.57 11.92 20
11630 12.57 11.79 20
11635 12.57 11.79 20
11640 12.57 11.79 20
11645 12.57 11.79 20
11650 12.57 11.79 20
11655 12.57 11.79 20
11660 12.44 11.92 0
11665 12.57 11.79 20
11670 12.70 11.79 20
11675 12.57 11.79 20
11680 12.57 11.92 20
11685 12.57 11.79 20
11690 12.57 11.79 20
11695 12.57 11.79 20
11700 12.57 11.92 20
11705 12.44 11.79 0
11710 12.57 11.92 20
11715 12.57 11.92 20
11720 12.57 11.92 20
11725 12.57 11.79 20
11730 12.57 11.92 20
11735 12.57 11.92 20
11740 12.57 11.92 20
11745 12.57 11.92 20
11750 12.70 11.92 20
11755 12.70 11.92 20
11760 12.57 11.92 20
11765 12.57 11.92 20
11770 12.57 11.92 20
11775 12.57 11.92 20
11780 12.57 11.92 20
11785 12.57 11.92 20
11790 12.57 11.92 20
11795 12.57 11.92 20
11800 12.57 11.92 20
11805 12.57 11.92 20
11810 12.44 11.92 0
11815 12.57 11.92 20
11820 12.70 11.92 20
11825 12.57 11.92 20
11830 12.57 11.92 20
11835 12.57 12.05 20
11840 12.57 11.92 20
11845 12.57 11.92 20
11850 12.57 11.92 20
11855 12.57 11.92 20
11860 12.57 11.92 20
11865 12.57 11.92 20
11870 12.57 11.92 20
11875 12.57 11.92 20
11880 12.57 11.92 20
11885 12.70 11.92 20
11890 12.57 12.05 20
11895 12.57 11.92 20
11900 12.57 12.05 20
11905 12.57 12.05 20
11910 12.57 11.92 20
11915 12.70 11.92 20
11920 12.70 12.05 20
11925 12.57 12.05 20
11930 12.57 12.05 20
11935 12.57 12.05 20
11940 12.57 12.05 20
11945 12.57 12.05 20
11950 12.57 12.05 20
11955 12.57 12.05 20
11960 12.57 12.05 20
11965 12.57 12.05 20
11970 12.57 12.05 20
11975 12.70 12.05 20
11980 12.57 12.05 20
11985 12.57 12.05 20
11990 12.57 12.05 20
11995 12.70 12.05 20
12000 12.57 12.05 20
12005 12.70 12.05 20
12010 12.57 12.05 20
12015 12.57 12.05 20
12020 12.70 12.05 20
12025 12.70 12.05 20
12030 12.57 12.05 20
12035 12.57 12.05 20
12040 12.57 12.05 20
12045 12.70 12.05 20
12050 12.70 12.05 20
12055 12.70 12.05 20
12060 12.70 12.05 20
12065 12.70 12.05 20
12070 12.70 12.05 20
12075 12.70 12.18 20
12080 12.57 12.05 20
12085 12.70 12.05 20
12090 12.57 12.18 20
12095 12.31 12.18 0
12100 12.57 12.18 20
12105 12.70 12.05 20
12110 12.70 12.05 20
12115 12.57 12.18 20
12120 12.70 12.31 20
12125 12.70 12.05 20
12130 12.70 12.18 20
12135 12.57 12.18 20
12140 12.70 12.18 20
12145 12.70 12.18 20
12150 12.70 12.18 20
12155 12.70 12.18 20
12160 12.70 12.18 20
12165 12.57 12.05 20
12170 12.70 12.18 20
12175 12.70 12.18 20
12180 12.70 12.18 20
12185 12.70 12.18 20
12190 12.70 12.18 20
12195 12.70 12.18 20
12200 12.70 12.18 20
12205 12.70 12.18 20
12210 12.70 12.18 20
12215 12.70 12.18 20
12220 12.70 12.18 20
12225 12.70 12.18 20
12230 12.70 12.18 20
12235 12.70 12.18 20
12240 12.70 12.18 20
12245 12.70 12.31 20
12250 12.70 12.18 20
12255 12.70 12.18 20
12260 12.70 12.18 20
12265 12.70 12.31 20
12270 12.70 12.31 20
12275 12.70 12.31 20
12280 12.70 12.18 20
12285 12.70 12.18 20
12290 12.70 12.31 20
12295 12.70 12.31 20
12300 12.70 12.18 20
12305 12.70 12.31 20
12310 12.70 12.18 20
12315 12.70 12.31 20
12320 12.70 12.31 20
12325 12.70 12.18 20
12330 12.70 12.31 20
12335 12.70 12.18 20
12340 12.70 12.31 20
12345 12.83 12.31 20
12350 12.83 12.31 20
12355 12.70 12.18 20
12360 12.83 12.18 20
12365 12.70 12.31 20
12370 12.70 12.31 20
12375 12.83 12.31 20
12380 12.57 12.31 20
12385 12.83 12.31 20
12390 12.70 12.31 20
12395 12.70 12.31 20
12400 12.70 12.31 20
12405 12.70 12.18 20
12410 12.96 12.31 20
12415 12.70 12.31 20
12420 12.70 12.44 20
12425 12.83 12.31 20
12430 12.70 12.44 20
12435 12.70 12.31 20
12440 12.70 12.31 20
12445 12.70 12.31 20
12450 12.83 12.31 20
12455 12.83 12.31 20
12460 12.70 12.31 20
12465 12.70 12.31 20
12470 12.70 12.31 20
12475 12.70 12.44 20
12480 12.70 12.44 20
